[Map]
labelColor=0,0,0
LabelStyleCount=0
XMin=-221.95121951219517
YMin=0.0
XMax=921.9512195121952
YMax=700.0
LayerCount=1
[ShapefileLayer]0  Area  5
MinScale=0.0
MaxScale=1000.0
Valid=1
Visible=1
Name=Area
Selectable=1
ScaleSymbols=0
[SimpleRenderer]
[FillSymbol]
FillColor_255=96,96,96
OutlineWidth=0.0
OutlineColor_255=0,255,0
